0.000E+00
2.782E+01
3.478E+00
-6.666E+00
-1.362E+01
-3.768E+00
6.666E+00
1.594E+01
-3.478E+00
-1.391E+01
-4.637E+00
3.478E+00
-2.608E+00
3.217E+01
7.825E+00
-5.536E+01
-2.348E+01
1.739E+01
1.043E+01
1.652E+01
5.072E+01
5.478E+01
3.478E+00
-3.246E+01
-3.826E+01
-2.608E+01
6.086E+00
5.217E+00
-7.536E+00
1.275E+01
3.565E+01
2.029E+01
-2.058E+01
-4.116E+01
-1.507E+01
6.376E+00
-2.608E+00
1.507E+01
2.580E+01
-1.826E+01
-2.840E+01
8.405E+00
2.377E+01
2.348E+01
2.000E+01
-2.724E+01
-8.492E+01
-2.580E+01
1.159E+00
-5.652E+01
-5.420E+01
2.174E+01
6.376E+01
3.942E+01
1.159E+01
-6.086E+00
1.391E+01
2.580E+01
-2.551E+01
-3.681E+01
2.811E+01
5.594E+01
1.043E+01
-1.942E+01
1.710E+01
3.507E+01
-1.826E+01
-1.710E+01
7.246E+00
-3.333E+01
-2.464E+01
2.116E+01
1.275E+01
-2.608E+00
5.478E+01
7.507E+01
-8.405E+00
-5.710E+01
-5.072E+01
-9.854E+00
1.913E+01
-4.347E+00
-2.058E+01
-6.666E+00
-7.536E+00
-2.666E+01
-1.362E+01
3.072E+01
5.913E+01
8.463E+01
1.180E+02
8.347E+01
-4.116E+01
-9.970E+01
-6.029E+01
-2.666E+01
-1.652E+01
3.768E+00
2.695E+01
-3.478E+01
-8.811E+01
-3.420E+01
4.058E+01
7.304E+01
5.565E+01
-1.072E+01
-4.174E+01
-5.710E+01
-8.898E+01
-6.347E+01
-2.898E+00
1.391E+01
-8.695E+00
3.275E+01
9.738E+01
5.797E+01
1.478E+01
-7.536E+00
-4.492E+01
-4.579E+01
2.695E+01
5.739E+01
1.043E+01
-2.695E+01
-3.478E+01
-2.898E+00
1.304E+01
-8.405E+00
-1.739E+00
8.405E+00
-1.536E+01
-3.652E+01
-7.594E+01
-8.028E+01
-2.203E+01
4.000E+01
9.506E+01
1.209E+02
1.069E+02
-1.159E+00
-9.825E+01
-2.377E+01
6.782E+01
2.753E+01
-8.115E+00
2.406E+01
6.405E+01
4.521E+01
-2.840E+01
-5.420E+01
-2.464E+01
4.927E+01
2.522E+01
-3.130E+01
-3.623E+01
-7.420E+01
-6.492E+01
-1.246E+01
1.942E+01
8.376E+01
7.188E+01
-1.855E+01
-1.826E+01
2.782E+01
4.550E+01
1.391E+01
6.666E+00
-3.594E+01
-1.406E+02
-1.553E+02
-5.420E+01
1.235E+02
1.498E+02
3.159E+01
2.406E+01
8.985E+00
-1.046E+02
-1.278E+02
-3.362E+01
-2.319E+00
-9.043E+01
-1.293E+02
-6.869E+01
1.304E+01
6.869E+01
8.347E+01
2.319E+01
2.580E+01
8.608E+01
4.290E+01
4.811E+01
7.304E+01
-6.260E+01
-1.278E+02
-3.971E+01
2.898E-01
-2.029E+01
1.565E+01
1.797E+01
-8.608E+01
-1.455E+02
-5.449E+01
1.296E+02
1.490E+02
3.275E+01
-5.652E+01
-1.261E+02
-1.017E+02
8.695E-01
4.318E+01
1.884E+01
3.159E+01
2.319E+01
-6.202E+01
-5.333E+01
4.521E+01
6.173E+01
-1.043E+01
-4.840E+01
1.652E+01
1.884E+01
-3.797E+01
-1.536E+01
8.869E+01
5.594E+01
-2.290E+01
-4.608E+01
-4.782E+01
1.333E+01
7.043E+01
1.275E+01
-1.052E+02
-1.252E+02
-8.782E+01
-5.652E+01
-1.101E+01
7.159E+01
1.081E+02
7.970E+01
4.492E+01
3.217E+01
2.985E+01
5.217E+01
1.029E+02
1.354E+02
4.840E+01
-5.768E+01
-8.434E+01
-8.869E+01
-7.304E+01
-3.188E+00
9.101E+01
6.579E+01
-1.130E+01
-7.304E+01
-7.449E+01
2.348E+01
7.941E+01
4.434E+01
5.536E+01
1.710E+01
-8.231E+01
-8.376E+01
-5.971E+01
-3.159E+01
4.637E+01
4.000E+01
-5.014E+01
-6.492E+01
-4.724E+01
-4.666E+01
5.971E+01
5.652E+01
-1.145E+02
-1.658E+02
-1.113E+02
4.174E+01
1.556E+02
5.768E+01
-6.086E+01
-1.884E+01
1.478E+01
-5.420E+01
-6.753E+01
2.087E+01
1.023E+02
1.217E+02
7.767E+01
5.623E+01
6.869E+01
4.927E+01
4.116E+01
7.796E+01
2.348E+01
-6.608E+01
-3.652E+01
-8.695E-01
3.797E+01
-5.362E+01
-1.797E+02
-1.498E+02
-3.623E+01
7.565E+01
8.869E+01
3.188E+01
-2.637E+01
4.058E+00
-1.362E+01
-9.796E+01
-1.113E+02
-4.898E+01
4.811E+01
1.067E+02
1.087E+02
7.188E+01
1.032E+02
1.487E+02
4.637E+01
-8.115E+00
6.521E+01
7.420E+01
3.246E+01
4.550E+01
2.116E+01
-7.652E+01
-8.782E+01
1.449E+00
-4.579E+01
-1.183E+02
-7.912E+01
5.826E+01
7.449E+01
1.652E+01
8.898E+01
1.362E+02
7.536E+01
6.666E+00
2.174E+01
7.420E+01
7.710E+01
1.913E+01
3.478E+00
1.362E+01
-9.564E+00
-2.666E+01
-4.347E+01
-2.782E+01
5.507E+01
-2.348E+01
-1.052E+02
-1.130E+01
7.217E+01
-8.666E+01
-2.501E+02
-2.197E+02
-9.999E+01
-3.188E+00
5.072E+01
1.110E+02
1.435E+02
2.168E+02
2.640E+02
1.203E+02
-3.420E+01
-7.246E+00
-8.405E+00
-9.072E+01
-1.394E+02
-1.545E+02
-1.087E+02
3.246E+01
5.130E+01
-4.637E+00
4.347E+01
4.869E+01
-6.666E+01
-9.709E+01
9.854E+00
8.898E+01
5.942E+01
8.695E+01
1.127E+02
-3.507E+01
-1.043E+02
-4.116E+01
-4.637E+00
-4.174E+01
3.014E+01
8.202E+01
-6.115E+01
-1.287E+02
-7.623E+01
1.710E+01
1.177E+02
4.724E+01
-6.376E+01
-3.130E+01
4.232E+01
9.622E+01
1.243E+02
6.840E+01
-7.652E+01
-1.104E+02
-4.927E+00
5.942E+01
-1.043E+01
-4.318E+01
-1.768E+01
1.188E+01
9.130E+01
6.057E+01
-3.246E+01
-7.883E+01
-1.012E+02
-9.101E+01
-7.623E+01
-8.811E+01
-1.043E+02
-2.666E+01
8.231E+01
9.130E+01
4.811E+01
6.869E+01
1.354E+02
5.884E+01
-1.264E+02
-1.733E+02
-8.608E+01
5.797E+00
3.449E+01
1.217E+01
-3.710E+01
-7.739E+01
-5.391E+01
-9.275E+00
4.898E+01
7.362E+01
3.362E+01
5.246E+01
7.101E+01
-1.014E+01
-6.579E+01
-3.478E+00
8.753E+01
7.246E+01
-1.101E+01
-6.029E+01
-5.014E+01
-2.377E+01
-7.014E+01
-7.043E+01
-4.376E+01
-8.260E+01
-6.550E+01
5.710E+01
1.154E+02
8.115E+01
5.507E+01
3.014E+01
-2.608E+00
-2.116E+01
-3.478E+00
3.652E+01
2.666E+01
-6.057E+01
-1.014E+02
-7.507E+01
-4.347E+01
4.608E+01
8.521E+01
5.739E+01
5.884E+01
8.115E+01
2.637E+01
-1.409E+02
-1.380E+02
-1.942E+01
1.006E+02
1.232E+02
-2.377E+01
-1.009E+02
-4.840E+01
9.478E+01
2.684E+02
1.777E+02
-2.733E+02
-5.272E+02
-4.600E+02
-2.423E+02
-2.753E+01
-1.122E+02
-2.545E+02
-2.298E+02
-7.159E+01
1.365E+02
1.226E+02
-4.637E+01
-7.333E+01
5.217E+01
1.539E+02
1.580E+02
1.542E+02
2.252E+02
2.403E+02
1.649E+02
1.739E+01
-1.096E+02
-1.913E+02
-2.437E+02
-2.049E+02
6.898E+01
3.220E+02
2.658E+02
2.339E+02
2.713E+02
2.414E+02
1.591E+02
-4.029E+01
-2.151E+02
-2.942E+02
-2.040E+02
2.029E+00
2.232E+01
-6.695E+01
5.797E-01
1.368E+02
1.481E+02
1.559E+02
2.409E+02
2.736E+02
1.507E+02
-8.724E+01
-2.319E+02
-2.588E+02
-2.304E+02
-8.724E+01
4.695E+01
-2.348E+01
-1.096E+02
-4.927E+01
1.078E+02
1.730E+02
2.753E+01
-1.669E+02
-1.725E+02
-3.275E+01
-3.014E+01
-9.246E+01
-5.536E+01
7.536E+00
-4.145E+01
-1.148E+02
-8.927E+01
-7.536E+00
7.217E+01
4.550E+01
-7.767E+01
-1.322E+02
-1.507E+01
1.035E+02
1.507E+02
3.006E+02
4.095E+02
3.339E+02
9.304E+01
-1.513E+02
-2.049E+02
-2.345E+02
-3.852E+02
-3.913E+02
-7.999E+01
1.406E+02
6.231E+01
2.695E+01
1.400E+02
1.809E+02
3.275E+01
-9.912E+01
1.855E+01
1.159E+02
4.347E+01
2.493E+01
9.072E+01
1.835E+02
2.014E+02
2.116E+01
-7.854E+01
9.449E+01
2.272E+02
1.542E+02
1.014E+01
-6.376E+00
9.246E+01
1.458E+02
7.681E+01
-5.246E+01
-1.203E+02
-5.478E+01
7.159E+01
4.318E+01
-7.710E+01
-1.519E+02
-2.182E+02
-4.724E+01
1.577E+02
1.777E+02
1.420E+01
-1.722E+02
-1.081E+02
3.391E+01
-6.202E+01
-1.397E+02
-1.820E+02
-3.084E+02
-3.119E+02
-1.336E+02
2.020E+02
4.092E+02
2.910E+02
1.023E+02
1.878E+02
2.495E+02
2.266E+02
3.623E+02
3.788E+02
8.405E+01
-5.333E+01
1.568E+02
3.794E+02
3.907E+02
1.319E+02
-1.496E+02
-2.977E+02
-3.965E+02
-4.124E+02
-3.374E+02
-2.637E+02
-2.243E+02
-1.797E+02
8.405E+00
1.490E+02
-1.188E+01
-2.475E+02
-2.927E+02
-3.536E+01
7.710E+01
-1.304E+02
-2.591E+02
-2.562E+02
-7.507E+01
1.090E+02
8.405E+01
-8.405E+00
6.318E+01
1.936E+02
8.231E+01
-1.362E+01
4.840E+01
6.637E+01
-1.623E+01
-6.695E+01
-5.014E+01
-1.069E+02
-7.217E+01
7.159E+01
9.970E+01
2.377E+01
-5.391E+01
-1.014E+02
-1.458E+02
-9.564E+00
1.846E+02
1.423E+02
1.014E+01
-4.492E+01
-4.811E+01
-1.098E+02
-2.623E+02
-2.530E+02
-9.362E+01
1.496E+02
2.182E+02
6.695E+01
7.767E+01
2.658E+02
3.539E+02
1.426E+02
-8.434E+01
-1.354E+02
-1.545E+02
-1.759E+02
-1.385E+02
-1.142E+02
-1.281E+02
-4.203E+01
2.811E+01
-8.695E+01
-1.496E+02
-5.507E+00
1.046E+02
1.127E+02
2.049E+02
2.893E+02
1.884E+02
-4.492E+01
-1.235E+02
-2.493E+01
-8.985E+00
-6.202E+01
-5.710E+01
-7.594E+01
2.029E+00
1.417E+02
9.246E+01
1.449E+00
1.739E+01
7.101E+01
7.970E+01
3.681E+01
-2.174E+01
-4.145E+01
-1.913E+01
-6.376E+01
-1.939E+02
-2.742E+02
-2.153E+02
-5.913E+01
1.246E+01
3.304E+01
8.782E+01
1.527E+02
1.536E+02
1.565E+01
-8.028E+01
-3.652E+01
5.739E+01
7.970E+01
9.564E+00
4.405E+01
1.414E+02
-2.319E+00
-2.110E+02
-6.202E+01
1.409E+02
9.622E+01
3.275E+01
3.623E+01
-8.695E+00
-7.710E+01
-9.651E+01
-5.971E+01
-4.434E+01
-1.623E+01
-4.637E+00
-6.434E+01
-6.029E+01
-2.232E+01
3.188E+00
1.449E+01
-2.608E+01
-1.681E+01
7.912E+01
7.188E+01
4.637E+00
3.449E+01
2.116E+01
-5.275E+01
-7.854E+01
-1.090E+02
-1.035E+02
-9.680E+01
-9.999E+01
-2.029E+01
5.217E+00
-3.014E+01
-5.362E+01
1.333E+01
1.287E+02
1.872E+02
1.090E+02
4.985E+01
1.235E+02
1.400E+02
4.492E+01
-2.927E+01
4.637E+01
1.287E+02
4.087E+01
-7.999E+01
-6.231E+01
-2.956E+01
-1.855E+01
-2.203E+01
-3.652E+01
7.825E+00
2.898E+01
-4.087E+01
-8.521E+01
-1.191E+02
-9.275E+01
-4.261E+01
-4.463E+01
3.304E+01
1.101E+02
3.362E+01
-9.188E+01
-9.680E+01
-3.043E+01
2.348E+01
3.072E+01
4.058E+00
-3.188E+00
-2.435E+01
-8.463E+01
-1.029E+02
-6.376E+01
-9.043E+01
-1.719E+02
-1.110E+02
9.883E+01
2.006E+02
1.032E+02
2.551E+01
9.043E+01
2.417E+02
1.988E+02
5.188E+01
5.623E+01
3.913E+01
-6.029E+01
-1.440E+02
-1.423E+02
-3.826E+01
1.826E+01
-9.449E+01
-1.959E+02
-1.325E+02
-4.985E+01
4.637E+00
8.434E+01
1.542E+02
1.148E+02
-6.086E+01
-1.113E+02
-1.449E+01
1.884E+01
-2.898E+01
-5.797E-01
1.142E+02
6.840E+01
8.608E+01
2.049E+02
1.725E+02
1.455E+02
1.252E+02
-2.029E+00
-1.423E+02
-1.527E+02
2.319E+00
1.232E+02
9.680E+01
5.217E+00
-8.086E+01
-3.333E+01
8.840E+01
4.174E+01
-1.496E+02
-2.409E+02
-1.881E+02
-1.542E+02
-1.716E+02
-2.811E+01
1.962E+02
2.808E+02
1.646E+02
1.623E+01
3.188E+01
1.774E+02
2.356E+02
1.530E+02
4.753E+01
1.449E+01
4.087E+01
-1.855E+01
-5.855E+01
7.825E+00
1.684E+02
1.751E+02
2.898E+01
7.623E+01
2.719E+02
2.953E+02
-3.217E+01
-3.774E+02
-3.533E+02
-3.159E+02
-4.571E+02
-4.234E+02
-3.458E+02
-4.524E+02
-4.318E+02
-1.400E+02
1.748E+02
2.672E+02
2.113E+02
2.519E+02
2.956E+02
1.449E+02
2.464E+01
1.264E+02
2.397E+02
2.348E+02
9.593E+01
2.377E+01
1.693E+02
1.580E+02
-1.238E+02
-3.388E+02
-3.945E+02
-2.829E+02
-1.510E+02
-3.014E+01
1.716E+02
1.527E+02
-1.565E+01
-5.797E-01
1.696E+02
1.751E+02
0.000E+00
-1.014E+01
6.173E+01
-1.304E+02
-3.307E+02
-1.307E+02
2.119E+02
3.368E+02
1.817E+02
-3.101E+01
3.130E+01
9.304E+01
-8.608E+01
-9.709E+01
-5.188E+01
-1.611E+02
-2.278E+02
-2.603E+02
-2.232E+02
-1.043E+01
2.124E+02
2.362E+02
1.159E+02
9.767E+01
1.840E+02
2.229E+02
2.298E+02
1.927E+02
1.919E+02
1.446E+02
-5.449E+01
-6.376E+01
3.275E+01
5.681E+01
3.217E+01
-8.927E+01
-1.183E+02
-3.623E+01
-3.275E+01
1.362E+01
1.927E+02
2.817E+02
1.101E+02
-1.365E+02
-1.690E+02
1.420E+02
3.791E+02
2.530E+02
-7.101E+01
-1.475E+02
5.333E+01
1.655E+02
9.564E+00
-2.539E+02
-3.319E+02
-2.797E+02
-7.652E+01
1.756E+02
9.478E+01
-1.756E+02
-2.672E+02
-4.585E+02
-5.626E+02
-2.666E+02
-7.101E+01
-6.492E+01
7.739E+01
3.069E+02
3.742E+02
3.232E+02
3.168E+02
3.406E+02
2.678E+02
-1.652E+01
-1.139E+02
-3.565E+01
-1.075E+02
-1.939E+02
-1.348E+02
-2.869E+01
-5.565E+01
-1.069E+02
-2.435E+01
2.000E+02
2.104E+02
-4.376E+01
-7.362E+01
1.246E+02
1.388E+02
4.405E+01
4.695E+01
2.608E+01
-1.240E+02
-2.545E+02
-2.153E+02
-1.197E+02
-1.238E+02
-2.869E+02
-3.849E+02
-1.620E+02
1.023E+02
9.564E+01
2.753E+01
7.391E+01
8.376E+01
4.637E+00
-6.956E+01
-2.869E+01
1.113E+02
1.945E+02
2.200E+02
1.162E+02
-6.405E+01
-1.093E+02
1.565E+01
4.724E+01
2.898E-01
-3.188E+01
-1.281E+02
-1.014E+02
-5.797E-01
7.536E+00
-1.565E+01
8.695E-01
7.912E+01
1.449E+01
-1.304E+02
-3.014E+01
1.907E+02
1.600E+02
-1.006E+02
-1.722E+02
-1.281E+02
-2.553E+02
-2.869E+02
-5.507E+00
1.739E+02
1.278E+02
1.403E+02
1.545E+02
4.290E+01
-1.930E+02
-1.704E+02
-3.739E+01
-5.217E+01
1.061E+02
2.765E+02
3.301E+02
2.214E+02
-1.006E+02
-3.008E+02
-1.742E+02
-2.174E+01
-5.884E+01
-5.275E+01
2.608E+00
-5.913E+01
-6.579E+01
3.043E+01
4.232E+01
2.898E-01
-7.536E+00
5.391E+01
1.661E+02
7.999E+01
-7.623E+01
-7.594E+01
3.826E+01
1.125E+02
-4.347E+01
-2.327E+02
-2.472E+02
-1.165E+02
-5.797E-01
5.101E+01
2.084E+02
2.481E+02
1.188E+01
-1.640E+02
4.637E+00
2.209E+02
6.753E+01
-2.203E+02
-2.562E+02
-1.197E+02
-4.927E+01
-4.985E+01
-6.927E+01
-2.840E+01
2.203E+01
-1.304E+01
-4.347E+01
6.434E+01
1.354E+02
-5.507E+00
-9.246E+01
6.086E+01
1.272E+02
1.507E+01
1.275E+01
1.542E+02
1.664E+02
3.014E+01
-9.246E+01
-5.420E+01
6.463E+01
3.130E+01
7.594E+01
4.405E+01
-5.913E+01
-3.565E+01
-9.999E+01
-9.854E+01
9.246E+01
1.530E+02
-9.275E+00
-1.310E+02
-6.985E+01
3.739E+01
-5.333E+01
-1.869E+02
-1.110E+02
1.672E+02
2.498E+02
-4.347E+00
-3.336E+02
-4.020E+02
-1.542E+02
-6.376E+01
-2.956E+01
7.912E+01
8.492E+01
7.623E+01
7.507E+01
7.217E+01
1.087E+02
1.985E+02
2.835E+02
2.435E+02
1.782E+02
1.861E+02
1.104E+02
-1.180E+02
-1.458E+02
4.550E+01
6.492E+01
-1.183E+02
-2.009E+02
-9.709E+01
9.188E+01
2.069E+02
1.620E+02
1.174E+02
4.869E+01
-4.376E+01
-3.014E+01
-2.058E+01
-9.420E+01
-1.626E+02
-1.539E+02
-1.449E+01
1.588E+02
1.452E+02
5.768E+01
-7.246E+00
-8.028E+01
-5.217E+01
-3.536E+01
-9.680E+01
-1.046E+02
-2.580E+01
3.246E+01
8.405E+00
-1.159E+00
6.405E+01
1.290E+02
1.081E+02
6.231E+01
-5.101E+01
-1.238E+02
-6.376E+00
4.579E+01
-4.058E+00
8.405E+00
3.101E+01
4.347E+00
-3.942E+01
-5.333E+01
-2.319E+01
5.594E+01
6.782E+01
1.478E+01
5.449E+01
1.269E+02
1.107E+02
6.086E+00
-2.116E+01
2.724E+01
-3.217E+01
-7.130E+01
-4.840E+01
-4.956E+01
3.739E+01
8.347E+01
-4.087E+01
-1.707E+02
-9.796E+01
1.072E+02
1.258E+02
3.768E+00
-6.057E+01
-3.768E+01
4.840E+01
9.796E+01
6.927E+01
-4.637E+00
-1.377E+02
-2.748E+02
-2.539E+02
-1.197E+02
-3.449E+01
2.377E+01
4.261E+01
7.594E+01
1.238E+02
1.006E+02
3.826E+01
-4.405E+01
3.768E+00
1.368E+02
1.507E+02
-2.637E+01
-1.823E+02
-2.038E+02
-1.159E+02
5.217E+00
9.564E+00
-5.043E+01
1.536E+01
9.622E+01
4.087E+01
-1.826E+01
1.536E+01
8.144E+01
4.000E+01
-9.912E+01
-2.023E+02
-1.223E+02
1.072E+01
-1.623E+01
-9.738E+01
-5.565E+01
7.391E+01
1.852E+02
1.896E+02
9.506E+01
2.522E+01
-3.565E+01
-1.417E+02
-1.930E+02
-7.767E+01
9.738E+01
1.553E+02
1.849E+02
2.240E+02
1.701E+02
4.753E+01
-3.478E+00
-4.232E+01
-9.709E+01
-2.840E+01
9.912E+01
1.012E+02
1.217E+01
-1.797E+01
-5.536E+01
-1.597E+02
-2.293E+02
-2.162E+02
-1.183E+02
6.086E+00
4.000E+01
-4.666E+01
-9.883E+01
-1.971E+01
2.290E+01
7.796E+01
2.090E+02
2.087E+02
1.055E+02
8.579E+01
5.768E+01
-6.289E+01
-1.104E+02
-5.101E+01
2.898E+00
-1.594E+01
-3.971E+01
2.898E-01
-3.188E+00
-1.797E+01
4.261E+01
3.420E+01
2.782E+01
5.043E+01
-3.304E+01
-8.289E+01
4.347E+00
5.710E+01
8.144E+01
5.739E+01
-1.304E+01
3.768E+01
3.478E+01
-5.681E+01
-6.869E+01
4.174E+01
1.255E+02
3.391E+01
-1.814E+02
-2.203E+02
-7.594E+01
-2.406E+01
-1.159E+02
-1.064E+02
6.029E+01
9.159E+01
1.246E+01
-1.507E+01
-2.898E+01
-4.347E+01
-2.261E+01
-1.159E+01
-1.420E+01
3.333E+01
1.484E+02
2.956E+01
-2.055E+02
-2.038E+02
2.898E+00
5.130E+01
-3.217E+01
6.724E+01
1.838E+02
1.539E+02
2.029E+01
-4.058E+01
4.203E+01
5.304E+01
-6.376E+00
-1.072E+01
-2.000E+01
2.753E+01
1.084E+02
1.330E+02
9.680E+01
-4.000E+01
-8.869E+01
2.898E+00
-3.768E+00
-1.432E+02
-2.203E+02
-9.767E+01
-8.695E+00
-3.594E+01
-2.927E+01
-1.159E+01
-3.768E+00
8.405E+00
8.463E+01
1.910E+02
1.614E+02
1.101E+01
-4.058E+01
-1.188E+01
2.406E+01
9.883E+01
5.913E+01
-3.942E+01
2.985E+01
1.377E+02
3.681E+01
-5.826E+01
-7.681E+01
-9.449E+01
-1.043E+01
4.405E+01
-8.144E+01
-1.003E+02
6.724E+01
1.591E+02
1.423E+02
4.927E+00
-1.142E+02
-8.434E+01
-4.927E+00
5.681E+01
4.492E+01
2.608E+00
3.478E+00
-6.347E+01
-5.681E+01
2.753E+01
-6.086E+00
-6.985E+01
-7.188E+01
4.579E+01
1.823E+02
1.559E+02
3.768E+01
-1.478E+01
-8.115E+01
-8.956E+01
-5.449E+01
-8.463E+01
-8.057E+01
-3.942E+01
-5.101E+01
-8.695E+01
-4.724E+01
-5.304E+01
-1.081E+02
-7.507E+01
5.594E+01
9.825E+01
4.550E+01
1.101E+01
3.681E+01
8.898E+01
1.064E+02
1.107E+02
4.232E+01
-9.651E+01
-1.177E+02
-1.275E+01
-2.666E+01
-1.542E+02
-1.513E+02
-1.139E+02
-1.377E+02
-1.429E+02
-1.568E+02
-1.501E+02
-9.941E+01
-2.377E+01
1.565E+01
-4.637E+00
-1.884E+01
6.173E+01
2.327E+02
2.377E+02
9.912E+01
9.072E+01
1.336E+02
6.173E+01
-1.826E+01
1.565E+01
2.319E+01
-8.434E+01
-1.075E+02
-1.072E+01
3.333E+01
-1.652E+01
-2.782E+01
6.405E+01
1.777E+02
2.151E+02
1.603E+02
1.449E+01
-3.246E+01
-1.159E+00
-2.261E+01
-2.695E+01
-9.188E+01
-1.440E+02
-1.061E+02
-8.231E+01
-9.825E+01
-1.180E+02
-5.884E+01
-5.275E+01
-3.652E+01
9.478E+01
2.072E+02
1.574E+02
3.420E+01
1.855E+01
4.753E+01
-1.681E+01
-1.461E+02
-6.985E+01
1.359E+02
1.214E+02
-1.362E+01
-2.232E+01
9.275E+01
1.632E+02
1.017E+02
5.623E+01
8.927E+01
1.420E+02
7.652E+01
-4.753E+01
-9.101E+01
-1.287E+02
-1.469E+02
-1.658E+02
-1.568E+02
-3.797E+01
2.261E+01
-3.478E+01
-3.478E+01
-1.188E+01
-4.579E+01
-8.579E+01
-5.478E+01
6.550E+01
1.069E+02
6.869E+01
7.565E+01
6.666E+01
-2.029E+01
-1.136E+02
-7.478E+01
4.290E+01
3.739E+01
-3.072E+01
-5.072E+01
-1.469E+02
-1.446E+02
-1.304E+01
1.333E+01
7.507E+01
1.814E+02
1.661E+02
1.484E+02
1.423E+02
5.130E+01
2.551E+01
3.217E+01
-7.912E+01
-2.124E+02
-2.353E+02
-1.548E+02
-8.695E+01
-8.608E+01
-8.260E+01
-1.826E+01
3.014E+01
6.695E+01
1.293E+02
1.351E+02
6.492E+01
1.420E+01
2.029E+01
-2.029E+00
-5.507E+00
5.971E+01
1.565E+02
1.058E+02
9.275E+00
1.009E+02
1.898E+02
1.409E+02
3.652E+01
-5.536E+01
-9.188E+01
-6.318E+01
-6.086E+01
-9.333E+01
-8.695E+01
-6.086E+01
-8.231E+01
-4.058E+00
1.046E+02
6.260E+01
5.884E+01
7.275E+01
-5.507E+00
-1.127E+02
-9.709E+01
3.130E+01
5.884E+01
-1.072E+01
-1.884E+01
-3.072E+01
-8.144E+01
-5.971E+01
5.536E+01
1.119E+02
6.898E+01
3.159E+01
9.275E+00
-3.739E+01
-1.032E+02
-2.956E+01
7.362E+01
-6.000E+01
-2.391E+02
-2.229E+02
-3.536E+01
8.086E+01
7.623E+01
1.214E+02
1.971E+02
2.061E+02
7.767E+01
7.246E+00
5.507E+01
1.681E+01
-8.492E+01
-8.434E+01
9.275E+00
-5.217E+00
-8.521E+01
-1.012E+02
-9.159E+01
-1.064E+02
-1.165E+02
1.565E+01
1.032E+02
2.348E+01
-4.000E+01
-3.478E+01
6.086E+00
3.971E+01
1.594E+01
8.985E+00
2.174E+01
-4.347E+01
-1.238E+02
-1.496E+02
-2.087E+01
1.125E+02
1.154E+02
1.687E+02
2.235E+02
1.183E+02
2.898E+00
-1.043E+01
1.072E+01
8.695E+00
-4.724E+01
-4.637E+01
4.000E+01
6.376E+01
-8.405E+00
-1.093E+02
-1.032E+02
-3.478E+01
-1.391E+01
-1.217E+01
2.666E+01
2.522E+01
-6.666E+01
-1.913E+02
-1.930E+02
-1.003E+02
-1.014E+01
6.434E+01
3.536E+01
-4.174E+01
-9.709E+01
-8.202E+01
9.854E+00
4.927E+00
-5.014E+01
-2.319E+00
9.593E+01
1.551E+02
2.985E+01
-1.478E+02
-1.562E+02
-8.318E+01
-1.171E+02
-1.406E+02
-3.246E+01
5.942E+01
5.217E+01
7.130E+01
1.522E+02
1.982E+02
1.545E+02
3.159E+01
3.246E+01
9.680E+01
2.464E+01
-4.290E+01
-3.275E+01
-1.391E+01
1.130E+01
1.275E+01
2.956E+01
1.023E+02
9.854E+01
4.985E+01
5.188E+01
4.695E+01
-6.666E+00
-5.768E+01
-8.376E+01
-5.565E+01
2.522E+01
2.232E+01
-3.623E+01
-1.971E+01
-4.376E+01
-1.217E+02
-1.359E+02
-3.913E+01
3.971E+01
1.855E+01
7.536E+00
2.580E+01
1.536E+01
1.710E+01
8.811E+01
1.467E+02
9.970E+01
-2.087E+01
-8.637E+01
-8.405E+01
-9.130E+01
-6.550E+01
4.290E+01
7.304E+01
4.985E+01
9.883E+01
1.365E+02
7.043E+01
-1.739E+01
2.898E-01
3.768E+01
5.884E+01
-2.608E+01
-1.252E+02
-3.884E+01
8.695E-01
-6.463E+01
-5.420E+01
-5.188E+01
-1.264E+02
-1.730E+02
-9.854E+01
6.231E+01
8.550E+01
6.434E+01
7.710E+01
1.942E+01
-1.710E+01
1.043E+01
6.347E+01
8.985E+01
1.238E+02
1.310E+02
5.884E+01
1.014E+01
-1.333E+01
-3.188E+01
-1.304E+01
-6.144E+01
-1.264E+02
-5.797E+00
1.756E+02
1.698E+02
7.999E+01
6.086E+01
8.115E+01
-2.116E+01
-1.211E+02
-6.666E+01
-6.666E+00
-5.768E+01
-1.762E+02
-2.084E+02
-1.522E+02
-5.797E+00
9.478E+01
7.854E+01
5.420E+01
7.101E+01
4.261E+01
-4.318E+01
-1.362E+01
7.014E+01
7.594E+01
5.246E+01
3.478E+01
1.884E+01
4.347E+01
5.536E+01
5.159E+01
4.203E+01
2.782E+01
4.550E+01
3.304E+01
5.536E+01
1.101E+02
6.637E+01
1.362E+01
5.275E+01
4.463E+01
-9.246E+01
-1.293E+02
4.058E+00
3.971E+01
-6.840E+01
-1.125E+02
-4.376E+01
-5.507E+00
-5.333E+01
-7.101E+01
-5.710E+01
-4.840E+01
-7.072E+01
-7.449E+01
2.029E+01
7.536E+01
3.884E+01
4.029E+01
1.072E+01
-6.521E+01
-7.246E+01
1.507E+01
1.026E+02
9.014E+01
-3.188E+00
-3.855E+01
1.101E+01
3.652E+01
2.174E+01
4.347E+00
-8.695E-01
-9.333E+01
-1.322E+02
-3.159E+01
2.406E+01
-2.898E+00
-2.435E+01
-4.753E+01
-2.724E+01
8.202E+01
1.072E+02
4.724E+01
-3.391E+01
-9.825E+01
-5.478E+01
2.029E+00
3.188E+01
1.594E+01
-5.362E+01
-9.825E+01
-1.032E+02
-1.298E+02
-8.608E+01
2.869E+01
5.217E+01
2.956E+01
-1.014E+01
2.319E+01
1.371E+02
1.464E+02
8.086E+01
3.449E+01
2.029E+00
3.507E+01
4.724E+01
-5.217E+01
-9.420E+01
-1.038E+02
-1.687E+02
-2.029E+02
-1.333E+02
-3.304E+01
2.232E+01
7.043E+01
8.289E+01
1.130E+02
1.455E+02
1.171E+02
6.782E+01
1.797E+01
-1.304E+01
-8.144E+01
-1.635E+02
-1.394E+02
-2.116E+01
-2.927E+01
-8.869E+01
-6.463E+01
-3.536E+01
-2.348E+01
3.188E+00
5.420E+01
8.608E+01
9.825E+01
9.738E+01
-5.217E+00
-1.484E+02
-1.084E+02
-4.058E+01
-1.307E+02
-2.211E+02
-2.110E+02
-9.796E+01
2.261E+01
6.173E+01
6.521E+01
2.956E+01
-1.623E+01
3.014E+01
5.913E+01
3.768E+01
8.724E+01
1.032E+02
7.854E+01
5.449E+01
-7.072E+01
-1.582E+02
-9.941E+01
7.246E+00
1.061E+02
1.611E+02
1.330E+02
8.492E+01
3.739E+01
-1.217E+01
-2.898E+01
1.130E+01
9.246E+01
8.985E+01
3.565E+01
-3.478E+01
-7.652E+01
-6.898E+01
-4.434E+01
2.348E+01
4.782E+01
1.156E+02
2.298E+02
1.481E+02
-6.956E+01
-1.890E+02
-2.029E+02
-2.330E+02
-2.177E+02
-9.796E+01
2.319E+00
-2.956E+01
-7.246E+01
-9.188E+01
-1.127E+02
-3.710E+01
1.023E+02
2.151E+02
1.971E+02
3.478E+01
-5.710E+01
3.043E+01
1.023E+02
2.000E+01
-3.362E+01
7.333E+01
1.530E+02
1.209E+02
1.843E+02
2.301E+02
1.577E+02
9.883E+01
1.122E+02
1.496E+02
3.420E+01
-1.994E+02
-3.304E+02
-2.029E+02
-6.666E+00
-6.840E+01
-1.696E+02
-6.231E+01
2.000E+01
-9.680E+01
-1.545E+02
-7.333E+01
2.811E+01
1.423E+02
1.400E+02
1.023E+02
5.304E+01
-1.090E+02
-1.762E+02
-1.333E+01
1.026E+02
2.695E+01
-4.811E+01
-3.594E+01
-1.826E+01
-5.652E+01
-4.985E+01
7.188E+01
1.301E+02
2.811E+01
-9.130E+01
-8.898E+01
-3.536E+01
-1.768E+01
3.391E+01
9.593E+01
1.078E+02
4.145E+01
-2.319E+00
8.115E+00
7.710E+01
1.600E+02
1.240E+02
6.898E+01
7.246E+01
6.579E+01
6.173E+01
6.956E+01
9.854E+00
-9.101E+01
-9.420E+01
-6.956E+01
-7.014E+01
-3.217E+01
-1.623E+01
-1.061E+02
-1.652E+02
-1.217E+02
-6.405E+01
4.840E+01
6.173E+01
-2.348E+01
-2.116E+01
1.507E+01
2.493E+01
1.710E+01
-4.232E+01
-8.260E+01
-3.797E+01
-4.145E+01
-8.202E+01
-6.463E+01
2.319E+00
3.652E+01
1.327E+02
2.148E+02
1.635E+02
9.101E+01
8.231E+01
9.159E+01
1.333E+01
-1.061E+02
-1.284E+02
7.825E+00
8.492E+01
6.029E+01
5.855E+01
7.159E+01
-3.681E+01
-1.411E+02
-1.240E+02
-1.003E+02
-4.376E+01
2.724E+01
8.782E+01
5.304E+01
-6.927E+01
-8.405E+01
-2.956E+01
-1.652E+01
-5.942E+01
-9.014E+01
-3.391E+01
3.681E+01
-1.246E+01
-1.826E+01
7.217E+01
-1.130E+01
-1.194E+02
-7.043E+01
3.333E+01
3.855E+01
2.000E+01
5.014E+01
1.255E+02
2.038E+02
1.029E+02
-5.188E+01
-3.159E+01
7.159E+01
5.652E+01
1.159E+00
-1.101E+01
-7.883E+01
-1.678E+02
-1.203E+02
4.521E+01
6.811E+01
-1.072E+01
4.087E+01
9.970E+01
1.188E+01
-1.223E+02
-6.086E+01
6.811E+01
5.304E+01
-7.246E+01
-6.405E+01
4.666E+01
4.058E+01
-9.101E+01
-2.064E+02
-2.217E+02
-2.298E+02
-7.217E+01
1.209E+02
5.014E+01
-6.144E+01
6.666E+00
1.180E+02
1.446E+02
7.854E+01
1.275E+01
1.188E+01
3.333E+01
1.133E+02
2.820E+02
3.887E+02
2.206E+02
-3.391E+01
-2.637E+01
4.550E+01
-9.854E+00
8.115E+00
1.722E+02
2.461E+02
4.405E+01
-2.220E+02
-2.594E+02
-2.188E+02
-2.614E+02
-3.081E+02
-2.293E+02
-3.797E+01
1.391E+02
2.614E+02
1.985E+02
2.319E+00
-9.130E+01
-2.580E+01
1.145E+02
2.084E+02
2.736E+02
3.119E+02
1.238E+02
-1.600E+02
-1.661E+02
-6.579E+01
-1.696E+02
-2.872E+02
-1.733E+02
4.058E+00
-7.681E+01
-2.927E+02
-3.394E+02
-1.588E+02
-2.840E+01
-5.362E+01
-7.101E+01
2.116E+01
1.388E+02
7.449E+01
-1.449E+00
6.666E+01
3.217E+01
-4.695E+01
7.536E+00
5.913E+01
7.883E+01
8.347E+01
9.593E+01
1.125E+02
4.666E+01
-1.180E+02
-2.406E+02
-1.988E+02
-1.246E+01
1.098E+02
1.391E+01
-4.376E+01
5.043E+01
9.883E+01
1.040E+02
1.240E+02
2.493E+01
-1.026E+02
-4.347E+00
1.774E+02
1.913E+02
1.032E+02
4.203E+01
5.623E+01
1.055E+02
1.449E+02
1.475E+02
1.498E+02
2.124E+02
2.548E+02
2.266E+02
1.040E+02
-4.203E+01
-9.217E+01
-1.197E+02
-1.640E+02
-1.606E+02
-1.342E+02
-1.794E+02
-2.240E+02
-1.965E+02
-2.023E+02
-1.533E+02
3.188E+00
7.101E+01
2.290E+01
-3.913E+01
-7.652E+01
-3.942E+01
2.898E+00
-7.246E+00
-1.623E+01
-6.492E+01
-9.246E+01
-6.521E+01
-9.246E+01
-6.289E+01
1.620E+02
3.634E+02
3.246E+02
1.214E+02
-2.811E+01
-2.145E+01
-5.971E+01
-1.310E+02
-9.478E+01
-4.811E+01
-4.318E+01
1.449E+01
1.090E+02
1.116E+02
3.217E+01
-6.405E+01
-1.878E+02
-2.852E+02
-2.348E+02
-1.217E+02
-7.912E+01
-2.145E+01
6.666E+00
-5.101E+01
-9.854E+01
-9.130E+01
4.927E+00
5.478E+01
5.652E+01
7.449E+01
6.376E+00
-7.565E+01
1.739E+00
7.796E+01
-1.710E+01
-1.012E+02
2.898E-01
1.409E+02
1.811E+02
8.753E+01
5.565E+01
1.884E+02
3.353E+02
3.397E+02
1.759E+02
-3.014E+01
-2.495E+02
-2.788E+02
-8.579E+01
-3.304E+01
-8.782E+01
2.724E+01
1.951E+02
2.191E+02
1.148E+02
3.478E+00
-4.492E+01
-5.797E+01
-3.942E+01
-8.724E+01
-2.069E+02
-1.333E+02
7.275E+01
7.739E+01
-4.087E+01
-3.333E+01
1.130E+01
-3.739E+01
-8.115E+01
-6.318E+01
-3.681E+01
-8.579E+01
-1.119E+02
-2.898E+00
7.101E+01
6.086E+00
-6.289E+01
-5.217E+00
1.090E+02
1.278E+02
1.432E+02
2.197E+02
1.878E+02
4.666E+01
-4.347E+00
-2.927E+01
-4.521E+01
4.840E+01
4.927E+00
-9.391E+01
-3.768E+01
-6.956E+01
-1.420E+02
-6.376E+01
3.478E+01
3.681E+01
-2.348E+01
4.724E+01
1.165E+02
-3.333E+01
-1.197E+02
-8.724E+01
-1.127E+02
-6.521E+01
1.275E+01
9.564E+00
-1.913E+01
-5.565E+01
-1.884E+01
2.116E+01
-4.840E+01
-4.985E+01
5.739E+01
7.739E+01
2.551E+01
4.637E+01
8.811E+01
9.449E+01
1.069E+02
9.738E+01
2.753E+01
-7.739E+01
-8.898E+01
-7.159E+01
-7.014E+01
-4.840E+01
-1.623E+01
2.898E+01
8.695E+00
-6.492E+01
-6.956E+01
-2.087E+01
-3.275E+01
-4.753E+01
-5.797E-01
1.119E+02
2.038E+02
1.513E+02
1.826E+02
2.724E+02
1.667E+02
-1.942E+01
-3.594E+01
7.854E+01
3.478E+01
-1.096E+02
-1.058E+02
-3.159E+01
-6.405E+01
-1.220E+02
-1.440E+02
-1.446E+02
-9.246E+01
-1.098E+02
-2.432E+02
-2.884E+02
-8.289E+01
9.275E+01
1.217E+01
-1.420E+01
7.710E+01
6.115E+01
9.854E+00
2.753E+01
8.985E+00
-4.318E+01
-6.376E+00
6.029E+01
4.608E+01
-5.797E+00
8.985E+00
5.362E+01
6.376E+01
-5.884E+01
-1.125E+02
-1.333E+01
-2.782E+01
-9.767E+01
-8.782E+01
4.811E+01
2.351E+02
3.035E+02
1.762E+02
5.478E+01
-4.145E+01
-1.684E+02
-1.858E+02
-4.029E+01
7.767E+01
5.362E+01
-9.564E+00
-7.623E+01
-9.709E+01
-4.318E+01
-4.058E+01
-7.362E+01
6.000E+01
2.098E+02
1.014E+02
-1.188E+01
6.115E+01
1.368E+02
1.243E+02
3.420E+01
-2.116E+01
-5.391E+01
-7.188E+01
1.710E+01
1.191E+02
1.020E+02
-2.811E+01
-6.579E+01
-2.840E+01
-2.637E+01
-2.029E+00
-3.014E+01
-5.768E+01
3.913E+01
8.579E+01
2.464E+01
-6.202E+01
-1.009E+02
-8.086E+01
-4.405E+01
-4.637E+00
4.927E+00
5.449E+01
7.217E+01
2.811E+01
5.739E+01
7.767E+01
-6.956E+00
-1.275E+02
-1.649E+02
-4.608E+01
8.637E+01
1.035E+02
2.811E+01
-5.507E+01
-5.536E+01
-3.275E+01
-7.594E+01
-2.956E+01
2.956E+01
-3.188E+01
-2.174E+01
6.231E+01
5.623E+01
-1.420E+01
-3.188E+01
-2.087E+01
-3.101E+01
-8.115E+00
1.064E+02
1.287E+02
3.826E+01
9.680E+01
1.936E+02
2.017E+02
1.606E+02
4.637E+01
-6.956E+00
3.942E+01
6.029E+01
-2.724E+01
-9.593E+01
-1.119E+02
-1.049E+02
-8.202E+01
-7.478E+01
-6.666E+01
-2.956E+01
3.304E+01
6.898E+01
2.811E+01
-8.550E+01
-1.620E+02
-1.301E+02
-3.478E+01
3.536E+01
1.942E+01
-2.811E+01
-6.376E+01
-5.362E+01
-2.869E+01
-3.507E+01
-1.072E+01
7.970E+01
9.506E+01
-4.579E+01
-7.883E+01
3.188E+00
-2.840E+01
-9.333E+01
-8.753E+01
-2.927E+01
6.695E+01
1.585E+02
1.858E+02
1.455E+02
1.168E+02
1.093E+02
6.057E+01
5.507E+00
-2.522E+01
-3.942E+01
-3.246E+01
-3.420E+01
-5.478E+01
-9.217E+01
-1.090E+02
-8.318E+01
-3.971E+01
-5.043E+01
-7.912E+01
-6.666E+01
2.145E+01
1.359E+02
1.142E+02
2.898E+00
-5.275E+01
-8.231E+01
-1.165E+02
-1.006E+02
-5.275E+01
-7.825E+00
-1.739E+00
-2.087E+01
-5.536E+01
-1.046E+02
-7.970E+01
2.840E+01
1.098E+02
1.400E+02
1.368E+02
8.608E+01
1.652E+01
-2.000E+01
5.275E+01
1.006E+02
4.058E+01
2.319E+01
4.985E+01
3.710E+01
-3.188E+00
-1.478E+01
-6.666E+00
-2.319E+01
-4.203E+01
-6.086E+00
5.797E-01
-5.797E+01
-1.826E+01
5.594E+01
-3.768E+00
-6.231E+01
-4.116E+01
-3.652E+01
-3.478E+01
2.551E+01
4.347E+01
1.188E+01
4.087E+01
7.970E+01
7.652E+01
2.290E+01
-1.826E+01
-2.232E+01
-2.724E+01
-7.391E+01
-1.183E+02
-9.275E+01
-5.739E+01
-5.855E+01
-6.521E+01
-1.623E+01
7.014E+01
1.362E+02
1.600E+02
9.478E+01
3.014E+01
3.855E+01
-3.478E+00
-8.347E+01
-4.753E+01
2.898E+01
-7.246E+00
-2.695E+01
3.246E+01
3.449E+01
2.898E+00
-7.825E+00
-7.594E+01
-1.014E+02
-2.319E+01
2.435E+01
-4.637E+00
8.405E+00
3.855E+01
-4.145E+01
-1.585E+02
-1.936E+02
-1.464E+02
-8.260E+01
1.449E+01
5.710E+01
4.927E+01
1.159E+02
1.985E+02
2.145E+02
1.548E+02
5.681E+01
1.362E+01
3.188E+01
1.739E+00
-6.202E+01
-8.434E+01
-6.898E+01
-2.753E+01
1.101E+01
5.449E+01
8.202E+01
4.927E+01
1.681E+01
3.072E+01
7.565E+01
9.912E+01
3.884E+01
-8.637E+01
-1.924E+02
-1.748E+02
-1.006E+02
-7.883E+01
-7.159E+01
-5.507E+01
-2.666E+01
2.348E+01
7.130E+01
8.521E+01
8.898E+01
4.232E+01
-2.029E+01
-5.043E+01
-6.695E+01
-3.565E+01
-4.550E+01
-8.637E+01
-4.608E+01
3.768E+00
-8.695E+00
-5.072E+01
-4.290E+01
3.652E+01
9.796E+01
8.347E+01
2.695E+01
1.739E+00
-1.246E+01
-1.942E+01
2.435E+01
3.420E+01
-2.869E+01
-6.753E+01
-4.579E+01
-2.406E+01
-2.666E+01
-1.217E+01
2.203E+01
1.420E+01
2.029E+00
1.159E+01
-1.101E+01
-1.855E+01
6.956E+00
4.956E+01
1.014E+02
1.171E+02
6.869E+01
7.246E+00
2.898E-01
9.854E+00
1.594E+01
4.637E+01
5.507E+01
1.217E+01
-2.753E+01
-2.811E+01
-1.420E+01
-1.565E+01
-5.826E+01
-5.797E+01
1.101E+01
3.159E+01
6.376E+00
2.377E+01
6.608E+01
7.796E+01
8.144E+01
3.942E+01
-2.319E+01
-3.043E+01
-3.478E+00
-4.637E+00
-5.217E+01
-8.927E+01
-8.173E+01
-5.913E+01
-4.087E+01
-2.869E+01
-4.695E+01
-9.072E+01
-9.246E+01
-6.289E+01
-5.507E+01
-2.551E+01
4.058E+00
-9.854E+00
-1.739E+00
4.666E+01
5.884E+01
5.652E+01
1.014E+02
9.391E+01
3.855E+01
1.101E+01
-4.347E+00
-8.695E+00
-3.275E+01
-7.014E+01
-3.768E+01
1.391E+01
2.985E+01
5.188E+01
3.913E+01
-3.188E+00
4.927E+00
3.507E+01
4.174E+01
5.217E+01
7.391E+01
8.492E+01
7.043E+01
2.435E+01
-4.753E+01
-7.420E+01
-1.710E+01
1.971E+01
-3.014E+01
-7.217E+01
-2.869E+01
-1.391E+01
-5.884E+01
-7.246E+01
-3.014E+01
1.014E+01
0.000E+00
-2.956E+01
2.319E+00
4.637E+01
4.463E+01
7.739E+01
1.049E+02
9.738E+01
9.072E+01
9.275E+01
1.214E+02
1.362E+02
4.029E+01
-6.898E+01
-6.405E+01
-1.594E+01
2.377E+01
2.116E+01
-2.956E+01
-3.449E+01
-3.826E+01
-7.999E+01
-8.898E+01
-4.724E+01
-3.913E+01
-6.492E+01
-6.869E+01
-3.826E+01
2.608E+00
1.739E+01
2.724E+01
-1.768E+01
-8.231E+01
-1.116E+02
-1.371E+02
-1.516E+02
-1.400E+02
-1.240E+02
-9.912E+01
-3.246E+01
5.594E+01
1.107E+02
1.403E+02
1.585E+02
1.269E+02
4.434E+01
2.203E+01
6.463E+01
7.507E+01
5.855E+01
7.362E+01
6.173E+01
-1.739E+00
-1.942E+01
-2.290E+01
-5.072E+01
-2.116E+01
4.145E+01
5.246E+01
2.029E+01
1.507E+01
-1.536E+01
-9.333E+01
-9.362E+01
-4.521E+01
-2.608E+01
-2.406E+01
8.115E+00
6.260E+01
5.681E+01
3.884E+01
5.420E+01
1.159E+00
-5.391E+01
-3.478E+00
7.130E+01
6.086E+01
-2.232E+01
-4.724E+01
-4.087E+01
-5.971E+01
-5.188E+01
-2.580E+01
-8.695E+00
5.797E-01
8.405E+00
3.768E+00
-3.217E+01
-5.652E+01
-2.522E+01
6.666E+00
5.304E+01
1.214E+02
9.535E+01
1.826E+01
1.826E+01
4.608E+01
5.014E+01
4.434E+01
3.246E+01
6.376E+00
-1.449E+01
-4.203E+01
-8.086E+01
-6.811E+01
-4.376E+01
-4.956E+01
-3.739E+01
-7.536E+00
-6.086E+00
-1.855E+01
-1.101E+01
9.564E+00
-1.594E+01
-7.391E+01
-6.029E+01
5.797E+00
2.724E+01
1.101E+01
-3.478E+00
-2.087E+01
-3.159E+01
-2.869E+01
-1.565E+01
-4.058E+00
1.884E+01
7.565E+01
1.093E+02
6.840E+01
2.956E+01
5.942E+01
8.956E+01
7.130E+01
-1.391E+01
-5.101E+01
-2.319E+00
1.739E+00
-4.550E+01
-7.825E+01
-6.956E+01
-2.377E+01
6.086E+00
1.043E+01
3.739E+01
6.724E+01
6.318E+01
1.449E+01
-4.261E+01
-6.115E+01
-5.884E+01
-2.898E+01
8.695E+00
1.681E+01
2.348E+01
2.753E+01
3.652E+01
4.376E+01
-2.898E-01
-7.391E+01
-4.811E+01
6.144E+01
5.507E+01
7.246E+00
2.956E+01
3.826E+01
2.000E+01
3.681E+01
5.304E+01
1.130E+01
-1.391E+01
-1.362E+01
-3.217E+01
-5.507E+01
-1.478E+01
2.608E+01
-5.217E+00
-4.261E+01
-2.058E+01
3.304E+01
3.449E+01
-1.507E+01
-6.318E+01
-7.536E+01
-6.550E+01
-7.420E+01
-9.072E+01
-6.492E+01
-2.058E+01
-1.797E+01
-2.145E+01
-2.116E+01
-3.333E+01
-3.101E+01
1.420E+01
2.203E+01
-3.188E+01
-5.478E+01
-4.898E+01
-4.376E+01
2.608E+00
4.753E+01
4.203E+01
3.420E+01
7.623E+01
1.293E+02
1.084E+02
6.086E+01
6.000E+01
4.811E+01
1.014E+01
-2.493E+01
-4.405E+01
-3.333E+01
-2.840E+01
-6.000E+01
-4.579E+01
3.159E+01
1.942E+01
-4.405E+01
-3.710E+01
4.058E+00
-3.768E+00
-4.753E+01
-5.594E+01
-1.652E+01
3.101E+01
3.362E+01
5.217E+00
-1.797E+01
-3.130E+01
-2.348E+01
9.854E+00
1.391E+01
-5.217E+00
0.000E+00
2.724E+01
5.072E+01
4.290E+01
4.492E+01
3.942E+01
1.797E+01
4.434E+01
4.985E+01
1.130E+01
4.927E+00
1.275E+01
-2.898E+00
-9.854E+00
1.246E+01
3.014E+01
1.101E+01
-2.811E+01
-3.188E+01
1.362E+01
3.043E+01
-1.130E+01
-2.522E+01
-3.101E+01
-9.043E+01
-1.327E+02
-1.055E+02
-5.420E+01
-6.666E+00
2.464E+01
-1.275E+01
-5.449E+01
-3.855E+01
-6.666E+00
1.275E+01
1.362E+01
-3.768E+00
-2.811E+01
-6.956E+00
4.579E+01
5.884E+01
2.522E+01
-1.130E+01
5.797E+00
5.275E+01
5.623E+01
1.217E+01
-3.478E+00
1.159E+00
-2.348E+01
-3.246E+01
1.101E+01
6.463E+01
6.927E+01
3.768E+00
-5.739E+01
-6.231E+01
-3.971E+01
-1.014E+01
-1.420E+01
-2.811E+01
9.275E+00
7.072E+01
7.362E+01
2.695E+01
-5.797E+00
-2.174E+01
-2.145E+01
-6.666E+00
-6.376E+00
1.304E+01
4.550E+01
5.275E+01
3.623E+01
1.594E+01
-1.565E+01
-3.971E+01
-3.188E+01
4.347E+00
1.855E+01
-4.637E+00
5.217E+00
4.116E+01
3.275E+01
7.536E+00
-6.376E+00
-4.550E+01
-6.521E+01
-4.927E+01
-2.145E+01
1.275E+01
2.869E+01
4.318E+01
4.782E+01
2.724E+01
1.565E+01
7.825E+00
-2.029E+00
1.739E+00
2.116E+01
1.478E+01
-1.304E+01
-8.985E+00
-5.217E+00
-1.594E+01
-2.898E-01
2.087E+01
1.072E+01
-1.710E+01
-2.724E+01
-5.797E+00
5.130E+01
9.478E+01
7.159E+01
3.072E+01
1.101E+01
-3.188E+00
-1.159E+01
-2.522E+01
-2.493E+01
-1.507E+01
-1.710E+01
-5.797E+00
8.695E+00
1.739E+00
-1.391E+01
-1.188E+01
-1.449E+01
-5.159E+01
-8.260E+01
-4.521E+01
4.174E+01
4.608E+01
-1.826E+01
-2.145E+01
1.768E+01
1.507E+01
-2.029E+01
-4.347E+01
-6.376E+00
6.000E+01
6.985E+01
4.840E+01
4.985E+01
5.014E+01
3.159E+01
3.159E+01
7.536E+00
0.000E+00
0.000E+00
0.000E+00
0.000E+00
0.000E+00
0.000E+00
0.000E+00
0.000E+00
0.000E+00
0.000E+00
0.000E+00
0.000E+00
0.000E+00
0.000E+00
0.000E+00
0.000E+00
0.000E+00
0.000E+00
0.000E+00
0.000E+00
0.000E+00
0.000E+00
0.000E+00
0.000E+00
0.000E+00
0.000E+00
0.000E+00
0.000E+00
0.000E+00
0.000E+00
0.000E+00
0.000E+00
0.000E+00
0.000E+00
0.000E+00
0.000E+00
0.000E+00
0.000E+00
0.000E+00
0.000E+00
0.000E+00
0.000E+00
0.000E+00
0.000E+00
0.000E+00
0.000E+00
0.000E+00
0.000E+00
0.000E+00
0.000E+00
0.000E+00
0.000E+00
0.000E+00
0.000E+00
0.000E+00
0.000E+00
0.000E+00
0.000E+00
0.000E+00
0.000E+00
0.000E+00
0.000E+00
0.000E+00
0.000E+00
0.000E+00
0.000E+00
0.000E+00
0.000E+00
0.000E+00
0.000E+00
0.000E+00
0.000E+00
0.000E+00
0.000E+00
0.000E+00
0.000E+00
0.000E+00
0.000E+00
0.000E+00
0.000E+00
0.000E+00
0.000E+00
0.000E+00
0.000E+00
0.000E+00
0.000E+00
0.000E+00
0.000E+00
0.000E+00
0.000E+00
0.000E+00
0.000E+00
0.000E+00
0.000E+00
0.000E+00
0.000E+00
0.000E+00
0.000E+00
0.000E+00
0.000E+00
0.000E+00
0.000E+00
0.000E+00
0.000E+00
0.000E+00
0.000E+00
0.000E+00
0.000E+00
0.000E+00
0.000E+00
0.000E+00
0.000E+00
0.000E+00
0.000E+00
0.000E+00
0.000E+00
0.000E+00
0.000E+00
0.000E+00
0.000E+00
0.000E+00
0.000E+00
0.000E+00
0.000E+00
0.000E+00
0.000E+00
0.000E+00
0.000E+00
0.000E+00
0.000E+00
0.000E+00
0.000E+00
0.000E+00
0.000E+00
0.000E+00
0.000E+00
0.000E+00
0.000E+00
0.000E+00
0.000E+00
0.000E+00
0.000E+00
0.000E+00
0.000E+00
0.000E+00
0.000E+00
0.000E+00
0.000E+00
0.000E+00
0.000E+00
0.000E+00
0.000E+00
0.000E+00
0.000E+00
0.000E+00
0.000E+00
0.000E+00
0.000E+00
0.000E+00
0.000E+00
0.000E+00
0.000E+00
0.000E+00
0.000E+00
0.000E+00
0.000E+00
0.000E+00
0.000E+00
0.000E+00
0.000E+00
0.000E+00
0.000E+00
0.000E+00
0.000E+00
0.000E+00
0.000E+00
0.000E+00
0.000E+00
0.000E+00
0.000E+00
0.000E+00
0.000E+00
0.000E+00
0.000E+00
0.000E+00
0.000E+00
0.000E+00
0.000E+00
0.000E+00
0.000E+00
0.000E+00
0.000E+00
0.000E+00
0.000E+00
0.000E+00
0.000E+00
0.000E+00
0.000E+00
0.000E+00
0.000E+00
0.000E+00
0.000E+00
0.000E+00
0.000E+00
0.000E+00
0.000E+00
0.000E+00
0.000E+00
0.000E+00
0.000E+00
0.000E+00
0.000E+00
0.000E+00
0.000E+00
0.000E+00
0.000E+00
0.000E+00
0.000E+00
0.000E+00
0.000E+00
0.000E+00
0.000E+00
0.000E+00
0.000E+00
0.000E+00
0.000E+00
0.000E+00
0.000E+00
0.000E+00
0.000E+00
0.000E+00
0.000E+00
0.000E+00
0.000E+00
0.000E+00
0.000E+00
0.000E+00
0.000E+00
0.000E+00
0.000E+00
0.000E+00
0.000E+00
0.000E+00
0.000E+00
0.000E+00
0.000E+00
0.000E+00
0.000E+00
0.000E+00
0.000E+00
0.000E+00
0.000E+00
0.000E+00
0.000E+00
0.000E+00
0.000E+00
0.000E+00
0.000E+00
0.000E+00
0.000E+00
0.000E+00
0.000E+00
0.000E+00
0.000E+00
0.000E+00
0.000E+00
0.000E+00
0.000E+00
0.000E+00
0.000E+00
0.000E+00
0.000E+00
0.000E+00
0.000E+00
0.000E+00
0.000E+00
0.000E+00
0.000E+00
0.000E+00
0.000E+00
0.000E+00
0.000E+00
0.000E+00
0.000E+00
0.000E+00
0.000E+00
0.000E+00
0.000E+00
0.000E+00
0.000E+00
0.000E+00
0.000E+00
0.000E+00
0.000E+00
0.000E+00
0.000E+00
0.000E+00
0.000E+00
0.000E+00
0.000E+00
0.000E+00
0.000E+00
0.000E+00
0.000E+00
0.000E+00
0.000E+00
0.000E+00
0.000E+00
0.000E+00
0.000E+00
0.000E+00
0.000E+00
0.000E+00
0.000E+00
0.000E+00
0.000E+00
0.000E+00
0.000E+00
0.000E+00
0.000E+00
0.000E+00
0.000E+00
0.000E+00
0.000E+00
0.000E+00
0.000E+00
0.000E+00
0.000E+00
0.000E+00
0.000E+00
0.000E+00
0.000E+00
0.000E+00
0.000E+00
0.000E+00
0.000E+00
0.000E+00
0.000E+00
0.000E+00
0.000E+00
0.000E+00
0.000E+00
0.000E+00
0.000E+00
0.000E+00
0.000E+00
0.000E+00
0.000E+00
0.000E+00
0.000E+00
0.000E+00
0.000E+00
0.000E+00
0.000E+00
0.000E+00
0.000E+00
0.000E+00
0.000E+00
0.000E+00
0.000E+00
0.000E+00
0.000E+00
0.000E+00
0.000E+00
0.000E+00
0.000E+00
0.000E+00
0.000E+00
0.000E+00
0.000E+00
0.000E+00
0.000E+00
0.000E+00
0.000E+00
0.000E+00
0.000E+00
0.000E+00
0.000E+00
0.000E+00
0.000E+00
0.000E+00
0.000E+00
0.000E+00
0.000E+00
0.000E+00
0.000E+00
0.000E+00
0.000E+00
0.000E+00
0.000E+00
0.000E+00
0.000E+00
0.000E+00
0.000E+00
0.000E+00
0.000E+00
0.000E+00
0.000E+00
0.000E+00
0.000E+00
0.000E+00
0.000E+00
0.000E+00
0.000E+00
0.000E+00
0.000E+00
0.000E+00
0.000E+00
0.000E+00
0.000E+00
0.000E+00
0.000E+00
0.000E+00
0.000E+00
0.000E+00
0.000E+00
0.000E+00
0.000E+00
0.000E+00
0.000E+00
0.000E+00
0.000E+00
0.000E+00
0.000E+00
0.000E+00
0.000E+00
0.000E+00
0.000E+00
0.000E+00
0.000E+00
0.000E+00
0.000E+00
0.000E+00
0.000E+00
0.000E+00
0.000E+00
0.000E+00
0.000E+00
0.000E+00
0.000E+00
0.000E+00
0.000E+00
0.000E+00
0.000E+00
0.000E+00
0.000E+00
0.000E+00
0.000E+00
0.000E+00
0.000E+00
0.000E+00
0.000E+00
0.000E+00
0.000E+00
0.000E+00
0.000E+00
0.000E+00
0.000E+00
0.000E+00
0.000E+00
0.000E+00
0.000E+00
0.000E+00
0.000E+00
0.000E+00
0.000E+00
0.000E+00
0.000E+00
0.000E+00
0.000E+00
0.000E+00
0.000E+00
0.000E+00
0.000E+00
0.000E+00
0.000E+00
0.000E+00
0.000E+00
0.000E+00
0.000E+00
0.000E+00
0.000E+00
0.000E+00
0.000E+00
0.000E+00
0.000E+00
0.000E+00
0.000E+00
0.000E+00
0.000E+00
0.000E+00
0.000E+00
0.000E+00
0.000E+00
0.000E+00
0.000E+00
0.000E+00
0.000E+00
0.000E+00
0.000E+00
0.000E+00
0.000E+00
0.000E+00
0.000E+00
0.000E+00
0.000E+00
0.000E+00
0.000E+00
0.000E+00
0.000E+00
0.000E+00
0.000E+00
0.000E+00
0.000E+00
0.000E+00
0.000E+00
0.000E+00
0.000E+00
0.000E+00
0.000E+00
0.000E+00
0.000E+00
0.000E+00
0.000E+00
0.000E+00
0.000E+00
0.000E+00
0.000E+00
0.000E+00
0.000E+00
0.000E+00
0.000E+00
0.000E+00
0.000E+00
0.000E+00
0.000E+00
0.000E+00
0.000E+00
0.000E+00
0.000E+00
0.000E+00
0.000E+00
0.000E+00
0.000E+00
0.000E+00
0.000E+00
0.000E+00
0.000E+00
0.000E+00
0.000E+00
0.000E+00
0.000E+00
0.000E+00
0.000E+00
0.000E+00
0.000E+00
0.000E+00
0.000E+00
0.000E+00
0.000E+00
0.000E+00
0.000E+00
0.000E+00
0.000E+00
0.000E+00
0.000E+00
0.000E+00
0.000E+00
0.000E+00
0.000E+00
0.000E+00
0.000E+00
0.000E+00
0.000E+00
0.000E+00
0.000E+00
0.000E+00
0.000E+00
0.000E+00
0.000E+00
0.000E+00
0.000E+00
0.000E+00
0.000E+00
0.000E+00
0.000E+00
0.000E+00
0.000E+00
0.000E+00
0.000E+00
0.000E+00
0.000E+00
0.000E+00
0.000E+00
0.000E+00
0.000E+00
0.000E+00
0.000E+00
0.000E+00
0.000E+00
0.000E+00
0.000E+00
0.000E+00
0.000E+00
0.000E+00
0.000E+00
0.000E+00
0.000E+00
0.000E+00
0.000E+00
0.000E+00
0.000E+00
0.000E+00
0.000E+00
0.000E+00
0.000E+00
0.000E+00
0.000E+00
0.000E+00
0.000E+00
0.000E+00
0.000E+00
0.000E+00
0.000E+00
0.000E+00
0.000E+00
0.000E+00
0.000E+00
0.000E+00
0.000E+00
0.000E+00
0.000E+00
0.000E+00
0.000E+00
0.000E+00
0.000E+00
0.000E+00
0.000E+00
0.000E+00
0.000E+00
0.000E+00
0.000E+00
0.000E+00
0.000E+00
0.000E+00
0.000E+00
0.000E+00
0.000E+00
0.000E+00
0.000E+00
0.000E+00
0.000E+00
0.000E+00
0.000E+00
0.000E+00
0.000E+00
0.000E+00
0.000E+00
0.000E+00
0.000E+00
0.000E+00
0.000E+00
0.000E+00
0.000E+00
0.000E+00
0.000E+00
0.000E+00
0.000E+00
0.000E+00
0.000E+00
0.000E+00
0.000E+00
0.000E+00
0.000E+00
0.000E+00
0.000E+00
0.000E+00
0.000E+00
0.000E+00
0.000E+00
0.000E+00
0.000E+00
0.000E+00
0.000E+00
0.000E+00
0.000E+00
0.000E+00
0.000E+00
0.000E+00
0.000E+00
0.000E+00
0.000E+00
0.000E+00
0.000E+00
0.000E+00
0.000E+00
0.000E+00
0.000E+00
0.000E+00
0.000E+00
0.000E+00
0.000E+00
0.000E+00
0.000E+00
0.000E+00
0.000E+00
0.000E+00
0.000E+00
0.000E+00
0.000E+00
0.000E+00
0.000E+00
0.000E+00
0.000E+00
0.000E+00
0.000E+00
0.000E+00
0.000E+00
0.000E+00
0.000E+00
0.000E+00
0.000E+00
0.000E+00
0.000E+00
0.000E+00
0.000E+00
0.000E+00
0.000E+00
0.000E+00
0.000E+00
0.000E+00
0.000E+00
0.000E+00
0.000E+00
0.000E+00
0.000E+00
0.000E+00
0.000E+00
0.000E+00
0.000E+00
0.000E+00
0.000E+00
0.000E+00
0.000E+00
0.000E+00
0.000E+00
0.000E+00
0.000E+00
0.000E+00
0.000E+00
0.000E+00
0.000E+00
0.000E+00
0.000E+00
0.000E+00
0.000E+00
0.000E+00
0.000E+00
0.000E+00
0.000E+00
0.000E+00
0.000E+00
0.000E+00
0.000E+00
0.000E+00
0.000E+00
0.000E+00
0.000E+00
0.000E+00
0.000E+00
0.000E+00
0.000E+00
0.000E+00
0.000E+00
0.000E+00
0.000E+00
0.000E+00
0.000E+00
0.000E+00
0.000E+00
0.000E+00
0.000E+00
0.000E+00
0.000E+00
0.000E+00
0.000E+00
0.000E+00
0.000E+00
0.000E+00
0.000E+00
0.000E+00
0.000E+00
0.000E+00
0.000E+00
0.000E+00
0.000E+00
0.000E+00
0.000E+00
0.000E+00
0.000E+00
0.000E+00
0.000E+00
0.000E+00
0.000E+00
0.000E+00
0.000E+00
0.000E+00
0.000E+00
0.000E+00
0.000E+00
0.000E+00
0.000E+00
0.000E+00
0.000E+00
0.000E+00
0.000E+00
0.000E+00
0.000E+00
0.000E+00
0.000E+00
0.000E+00
0.000E+00
0.000E+00
0.000E+00
0.000E+00
0.000E+00
0.000E+00
0.000E+00
0.000E+00
0.000E+00
0.000E+00
0.000E+00
0.000E+00
0.000E+00
0.000E+00
0.000E+00
0.000E+00
0.000E+00
0.000E+00
0.000E+00
0.000E+00
0.000E+00
0.000E+00
0.000E+00
0.000E+00
0.000E+00
0.000E+00
0.000E+00
0.000E+00
0.000E+00
0.000E+00
0.000E+00
0.000E+00
0.000E+00
0.000E+00
0.000E+00
0.000E+00
0.000E+00
0.000E+00
0.000E+00
0.000E+00
0.000E+00
0.000E+00
0.000E+00
0.000E+00
0.000E+00
0.000E+00
0.000E+00
0.000E+00
0.000E+00
0.000E+00
0.000E+00
0.000E+00
0.000E+00
0.000E+00
0.000E+00
0.000E+00
0.000E+00
0.000E+00
0.000E+00
0.000E+00
0.000E+00
0.000E+00
0.000E+00
0.000E+00
0.000E+00
0.000E+00
0.000E+00
0.000E+00
0.000E+00
0.000E+00
0.000E+00
0.000E+00
0.000E+00
0.000E+00
0.000E+00
0.000E+00
0.000E+00
0.000E+00
0.000E+00
0.000E+00
0.000E+00
0.000E+00
0.000E+00
0.000E+00
0.000E+00
0.000E+00
0.000E+00
0.000E+00
0.000E+00
0.000E+00
0.000E+00
0.000E+00
0.000E+00
0.000E+00
0.000E+00
0.000E+00
0.000E+00
0.000E+00
0.000E+00
0.000E+00
0.000E+00
0.000E+00
0.000E+00
0.000E+00
0.000E+00
0.000E+00
0.000E+00
0.000E+00
0.000E+00
0.000E+00
0.000E+00
0.000E+00
0.000E+00
0.000E+00
0.000E+00
0.000E+00
0.000E+00
0.000E+00
0.000E+00
0.000E+00
0.000E+00
0.000E+00
0.000E+00
0.000E+00
0.000E+00
0.000E+00
0.000E+00
0.000E+00
0.000E+00
0.000E+00
0.000E+00
0.000E+00
0.000E+00
0.000E+00
0.000E+00
0.000E+00
0.000E+00
0.000E+00
0.000E+00
0.000E+00
0.000E+00
0.000E+00
0.000E+00
0.000E+00
0.000E+00
0.000E+00
0.000E+00
0.000E+00
0.000E+00
0.000E+00
0.000E+00
0.000E+00
0.000E+00
0.000E+00
0.000E+00
0.000E+00
0.000E+00
0.000E+00
0.000E+00
0.000E+00
0.000E+00
0.000E+00
0.000E+00
0.000E+00
0.000E+00
0.000E+00
0.000E+00
0.000E+00
0.000E+00
0.000E+00
0.000E+00
0.000E+00
0.000E+00
0.000E+00
0.000E+00
0.000E+00
0.000E+00
0.000E+00
0.000E+00
0.000E+00
0.000E+00
0.000E+00
0.000E+00
0.000E+00
0.000E+00
0.000E+00
0.000E+00
0.000E+00
0.000E+00
0.000E+00
0.000E+00
0.000E+00
0.000E+00
0.000E+00
0.000E+00
0.000E+00
0.000E+00
0.000E+00
0.000E+00
0.000E+00
0.000E+00
0.000E+00
0.000E+00
0.000E+00
0.000E+00
0.000E+00
0.000E+00
0.000E+00
0.000E+00
0.000E+00
0.000E+00
0.000E+00
0.000E+00
0.000E+00
0.000E+00
0.000E+00
0.000E+00
0.000E+00
0.000E+00
0.000E+00
0.000E+00
0.000E+00
0.000E+00
0.000E+00
0.000E+00
0.000E+00
0.000E+00
0.000E+00
0.000E+00
0.000E+00
0.000E+00
0.000E+00
0.000E+00
0.000E+00
0.000E+00
0.000E+00
0.000E+00
0.000E+00
0.000E+00
0.000E+00
0.000E+00
0.000E+00
0.000E+00
0.000E+00
0.000E+00
0.000E+00
0.000E+00
0.000E+00
0.000E+00
0.000E+00
0.000E+00
0.000E+00
0.000E+00
0.000E+00
0.000E+00
0.000E+00
0.000E+00
0.000E+00
0.000E+00
0.000E+00
0.000E+00
0.000E+00
0.000E+00
0.000E+00
0.000E+00
0.000E+00
0.000E+00
0.000E+00
0.000E+00
0.000E+00
0.000E+00
0.000E+00
0.000E+00
0.000E+00
0.000E+00
0.000E+00
0.000E+00
0.000E+00
0.000E+00